Feature	Gain	Cover	Frequency
ctrx_quarter	0.18824384194625	0.0248195767952401	0.0260624559755811
mcuentas_saldo	0.0859330125142702	0.0326705011511501	0.0309931908898803
mpasivos_margen	0.0676145573830779	0.0204266900920611	0.026297252876262
ctarjeta_visa_transacciones	0.0512631217312065	0.0110750547407637	0.0169053768490256
mpayroll	0.0459101018545437	0.0270426120552874	0.0115050481333646
cpayroll_trx	0.0400164056437185	0.0121736091636379	0.00352195351021367
cprestamos_personales	0.0334316354740351	0.0104797624773964	0.00680911011974642
mrentabilidad_annual	0.0321816500191598	0.0389764328398772	0.0389762855130312
mcaja_ahorro	0.0291314475874679	0.0160446927305132	0.0234796900680911
mcomisiones_mantenimiento	0.0237768922275448	0.0142916573033186	0.0145574078422165
mprestamos_personales	0.0226693345839072	0.0322348036730325	0.0129138295374501
Visa_mpagominimo	0.0205518669807278	0.014747177221404	0.0201925334585583
ccomisiones_mantenimiento	0.0168856199386418	0.0027068092743266	0.00375675041089458
mtarjeta_visa_consumo	0.0159918564173451	0.0160951774269334	0.0190185489551538
mcuenta_corriente	0.0146103018922833	0.0245822646735271	0.0305235970885184
Master_status	0.0142705510489708	0.0069230397792169	0.00352195351021367
cdescubierto_preacordado	0.0124761593463236	0.0180786657430227	0.0063395163183846
mrentabilidad	0.011816488273921	0.0172013587223998	0.0201925334585583
mactivos_margen	0.0116587350352943	0.0252623439880496	0.0213665179619629
Master_fechaalta	0.0113110848925498	0.0229231536870543	0.0272364404789857
cliente_edad	0.0103390398255383	0.0179502408469791	0.029114815684433
Visa_fechaalta	0.00935214243440787	0.0225300787883178	0.0223057055646865
Master_Fvencimiento	0.00848849475716875	0.0186761680660616	0.0253580652735384
Visa_mconsumospesos	0.00810688002796037	0.0139066735754246	0.0260624559755811
Visa_Fvencimiento	0.00798794123197613	0.014272497262188	0.0213665179619629
Visa_status	0.00752084630961682	0.0209354062083486	0.00610471941770369
mcomisiones_otras	0.00716439719866864	0.013271117367788	0.018548955153792
Visa_msaldopesos	0.00707888014407778	0.0102022235552741	0.0152617985442592
Visa_cconsumos	0.00699001611807089	0.0126061122697932	0.0190185489551538
Visa_mpagospesos	0.00696930721093287	0.0114565593271018	0.0187837520544729
Visa_msaldototal	0.00681751880389035	0.0174008398226752	0.0164357830476638
ccajas_consultas	0.0065679273662074	0.0204542694081312	0.00516553181498004
ctarjeta_debito_transacciones	0.00630046048120624	0.00905079484765136	0.0147922047428974
cliente_antiguedad	0.00616540307322294	0.0107888551086117	0.0169053768490256
numero_de_cliente	0.00603066183505826	0.0131198428071844	0.0204273303592393
Master_mfinanciacion_limite	0.00588495516679998	0.00842983617700535	0.0199577365578774
mcomisiones	0.00567039890506534	0.0108191273545338	0.0126790326367692
mtransferencias_recibidas	0.00561187975051437	0.00973273135517516	0.0183141582531111
ccaja_seguridad	0.00552936892632342	0.0118941635233675	0.00305235970885184
mautoservicio	0.00510503071823898	0.0108731964334466	0.0136182202394928
chomebanking_transacciones	0.00499882142623825	0.0100904700617393	0.0133834233388119
ccomisiones_otras	0.00474994657843269	0.00935324491856518	0.013148626438131
cproductos	0.0047191236967918	0.00889470396653091	0.0084526884245128
Visa_mfinanciacion_limite	0.00438005210431362	0.00975610722441887	0.0154965954449401
Visa_mconsumototal	0.00406972401436039	0.0079742605431299	0.0133834233388119
mcuenta_debitos_automaticos	0.00402961459300607	0.0126185740348323	0.00798309462315098
mttarjeta_visa_debitos_automaticos	0.00391102368837355	0.0104034194637541	0.0129138295374501
mcaja_ahorro_dolares	0.0036803109679647	0.00667571119658326	0.0110354543320028
ccallcenter_transacciones	0.00363223093836637	0.0110819944519454	0.00399154731157549
ctarjeta_master_transacciones	0.00352261158524156	0.00303001657235222	0.00305235970885184
mtransferencias_emitidas	0.00347710348805718	0.00949492398199513	0.0122094388354074
thomebanking	0.00329012946307373	0.00672341010350137	0.00493073491429913
cmobile_app_trx	0.00327921334362824	0.00665504682912153	0.00680911011974642
ctarjeta_visa	0.00326384191612254	0.0109677708917188	0.00328715660953275
mextraccion_autoservicio	0.00312178194944506	0.00986149673660237	0.0129138295374501
Visa_mlimitecompra	0.00289826657212327	0.00521471317820819	0.00915707912655553
Master_mlimitecompra	0.00272061271606138	0.0058701846854627	0.00868748532519371
ccajas_transacciones	0.00260740730903485	0.0065367622068653	0.00234796900680911
mtarjeta_master_consumo	0.00249682510972227	0.00911562945532863	0.00586992251702278
Master_msaldopesos	0.0021774656963105	0.0064971606614331	0.00586992251702278
internet	0.00212209745281142	0.00795223423413385	0.00281756280817093
Visa_mconsumosdolares	0.0020740963018513	0.00669282213476907	0.00610471941770369
ctransferencias_emitidas	0.00203226308207607	0.00706155542390121	0.00610471941770369
Master_mconsumospesos	0.00185389004140586	0.00399068060551921	0.00469593801361822
Master_mpagospesos	0.00176830156833562	0.010273446906876	0.0063395163183846
ctarjeta_visa_debitos_automaticos	0.00173320782874286	0.00473236301189656	0.00469593801361822
ccaja_ahorro	0.00166097099240414	0.00808493686472392	0.00305235970885184
ctransferencias_recibidas	0.0016472139662447	0.00560929859391918	0.0063395163183846
Master_mpagominimo	0.00161478106845445	0.00322458849246073	0.0042263442122564
tcallcenter	0.00159224473484315	0.00371772895011022	0.0021131721061282
cextraccion_autoservicio	0.00158665862905193	0.00637277206484575	0.00610471941770369
catm_trx	0.00155925652948021	0.00864668203184343	0.00610471941770369
mpagomiscuentas	0.00144643224486078	0.00335369435927151	0.00516553181498004
Master_cconsumos	0.00135261721067633	0.00159929079989922	0.00305235970885184
cpagomiscuentas	0.00125097671880447	0.00390755883742194	0.00375675041089458
Master_mconsumototal	0.00111028806939814	0.00479580472482281	0.00305235970885184
ctarjeta_debito	0.00110534307431721	0.00403746329722331	0.00446114111293731
Master_mconsumosdolares	0.00106730464777029	0.00083721022372366	0.00187837520544729
mplazo_fijo_dolares	0.00106413374473815	0.0118512437931062	0.00328715660953275
ccuenta_debitos_automaticos	0.00104652552736256	0.00253073499651157	0.00328715660953275
Master_fultimo_cierre	0.00102752361044932	0.00136400301855769	0.00305235970885184
Visa_fultimo_cierre	0.00100304501798233	0.00317872201597062	0.00258276590749002
Visa_mpagado	0.00083016040692573	0.0108234608048703	0.00328715660953275
Master_msaldototal	0.000785619281389197	0.00303859061337513	0.00352195351021367
matm_other	0.000718399251208785	0.00649508060527158	0.00328715660953275
matm	0.000668201211581149	0.00328878546387419	0.00328715660953275
ctarjeta_master	0.000662151330295283	0.00175278161081778	0.00164357830476638
Visa_mpagosdolares	0.000646106674941113	0.000464725404728785	0.00117398450340456
Visa_msaldodolares	0.000541632479998987	0.00374896074574966	0.00164357830476638
ccajas_extracciones	0.000536460451715079	0.00801159631310045	0.00187837520544729
cseguro_vida	0.000437648813813564	0.00370736581316267	0.00117398450340456
ccajas_depositos	0.000404044592914383	0.00806484203644927	0.00187837520544729
mttarjeta_master_debitos_automaticos	0.000308263848353109	0.0010757233302442	0.000939187602723644
active_quarter	0.000136420766754355	0.00051374910932119	0.000234796900680911
catm_trx_other	7.47641730594253e-05	0.00022800139413288	0.000234796900680911
cseguro_accidentes_personales	5.94770575644022e-05	0.000566109570672694	0.000469593801361822
Visa_madelantopesos	1.91477373463278e-05	0.000330815598687831	0.000234796900680911
Visa_madelantodolares	7.62722494179306e-09	0.00013285739667352	0.000469593801361822
