Feature	Gain	Cover	Frequency
mpasivos_margen	0.0939818831074937	0.0296804344801274	0.0430268887303501
mcuentas_saldo	0.0662078494436434	0.0313577582381617	0.0370488818913134
mpayroll	0.048515086645851	0.013807471704627	0.008561096213929
cprestamos_personales	0.0381803695872609	0.0145981495040879	0.00344411916652316
mtarjeta_visa_consumo	0.0353598240075587	0.0119650163327284	0.0150065192255652
cdescubierto_preacordado	0.034580152020971	0.0074827418581745	0.00282909788678688
mrentabilidad_annual	0.0317113371285757	0.0322125730658499	0.0300130384511304
cliente_edad	0.0286842120977652	0.0324159473355943	0.0371964869984502
mcuenta_corriente	0.0281494903715574	0.0238295041349654	0.0211813328741174
numero_de_cliente	0.0254370345285845	0.0293108179043491	0.0328175354867278
Visa_fechaalta	0.024892952682251	0.0142179138400368	0.020886122659844
ctrx_quarter	0.0222544333835408	0.0373125143450794	0.0477256513075352
Master_fechaalta	0.0205963441184418	0.0192627081641297	0.0251666707668085
Master_Fvencimiento	0.0205650253591022	0.021296407305018	0.0259784988560604
Visa_Fvencimiento	0.0200797494220757	0.0185471567118921	0.0261015031120077
mrentabilidad	0.0185517081739491	0.0188839011551046	0.0205663115943812
Master_mfinanciacion_limite	0.018196970054794	0.0141363977460963	0.0229771950109474
cliente_antiguedad	0.0181680377744373	0.0236469455431767	0.0261261039631971
mactivos_margen	0.0179894742536919	0.0234243976776254	0.0215995473443381
Visa_mpagominimo	0.0178455332026191	0.0138249683730405	0.0219439592609904
Visa_mfinanciacion_limite	0.0162414756738108	0.014728662367504	0.0203449039336761
Visa_msaldopesos	0.0157846990685664	0.0129404479743839	0.0150557209279441
cpayroll_trx	0.014933544099084	0.0105600865625565	0.00452655661885901
mcomisiones	0.0138495112931766	0.0110371615168335	0.0159905532731433
mcaja_ahorro	0.0137676077314439	0.0230124484853894	0.0324239218676966
chomebanking_transacciones	0.0120701181455258	0.0141602841612269	0.01837683583852
Visa_mconsumospesos	0.0118830846464407	0.0113342651387288	0.0215257447907698
mtransferencias_recibidas	0.0112052672602271	0.0111343579708159	0.0198528869098871
ccomisiones_otras	0.0109158522470318	0.0133037836948342	0.0162119609338483
Visa_status	0.0104900346636283	0.0078230361606743	0.00137764766660926
Visa_mpagospesos	0.00952715462838299	0.0132797709656922	0.018155428177815
cproductos	0.00938951323587267	0.0186739803350427	0.0127678417673252
mcomisiones_otras	0.00917176993645091	0.0112441422693876	0.0118822111245049
mcomisiones_mantenimiento	0.00898155331489939	0.0116062540506236	0.011562400059042
mttarjeta_visa_debitos_automaticos	0.0077622601231203	0.00689712832281802	0.0112425889935792
mcaja_ahorro_dolares	0.00771794910498998	0.0108431606178698	0.0124972324042412
Master_status	0.00704764109338899	0.00762215332591435	0.0011070383035253
mprestamos_personales	0.00695737013510065	0.0211532020612792	0.00560899407119486
Visa_cconsumos	0.00676989559381311	0.00522413844207304	0.0101847523924328
ctarjeta_visa_transacciones	0.00663961460208135	0.0098047374854012	0.0149573175231863
mtransferencias_emitidas	0.00658862582038765	0.0106285966689732	0.0135550690053876
ccomisiones_mantenimiento	0.00640918047316321	0.00714415497265705	0.00260769022608182
mautoservicio	0.00631960526414697	0.0083529277943594	0.0136042707077665
ctransferencias_recibidas	0.00587508033690475	0.006220076510139	0.00890550813058132
Visa_msaldototal	0.00562985168965991	0.0108819215967624	0.0132844596423036
internet	0.0053022413001352	0.0113865983403689	0.0021156732022928
mcuenta_debitos_automaticos	0.00504318783924865	0.00771986810290925	0.0074048562080248
ctarjeta_debito_transacciones	0.00496806921440323	0.00860002849034307	0.0130630519815986
Visa_mconsumototal	0.00454775375407893	0.00355341350222301	0.00543678811286871
Master_mpagospesos	0.00454217045973428	0.00815280719932371	0.00637162045806785
ctarjeta_debito	0.0044905923253804	0.00550834496783381	0.00477256513075352
cmobile_app_trx	0.00434283600624285	0.00211661340026582	0.00376393023198603
Master_msaldototal	0.00418764739133923	0.00641511405512775	0.00455115747004846
Master_mpagominimo	0.00414077002277727	0.0063702290245076	0.00479716598194298
Master_mlimitecompra	0.00401601971315621	0.00640282675077263	0.00607641024379444
Visa_mconsumosdolares	0.00375844092749946	0.00904602148649247	0.00664222982115181
Visa_mlimitecompra	0.00370610420564295	0.00450914015809244	0.00479716598194298
mpagomiscuentas	0.00309730935393337	0.00390866948159619	0.00585500258308938
thomebanking	0.00303302427695009	0.0036637901699518	0.00295210214273414
Master_mconsumospesos	0.00296799834614513	0.00307258832850259	0.00440355236291176
ccaja_seguridad	0.00286673911213484	0.0050705231815285	0.000516617874978474
Visa_fultimo_cierre	0.00282981335151965	0.00290844980410766	0.00408374129744889
ctarjeta_visa_debitos_automaticos	0.00276357764356058	0.0024734374156432	0.00437895151172231
ccajas_consultas	0.00270661060755642	0.00696490667909945	0.00137764766660926
cpagomiscuentas	0.00252616863379981	0.00404149955377398	0.00440355236291176
ccuenta_debitos_automaticos	0.00233217016095723	0.00388250505860393	0.00349332086890206
mextraccion_autoservicio	0.0023084270226559	0.0043456680489993	0.00615021279736279
tcallcenter	0.00230456189247866	0.0033099715569158	0.0021156732022928
ctarjeta_master	0.00222996206257821	0.000560673051578606	0.00063962213092573
ctransferencias_emitidas	0.00221005237208984	0.00282226009174361	0.00501857364264804
Visa_mpagado	0.00217192585959066	0.00365157691174133	0.00204187064872445
ccallcenter_transacciones	0.00200027897110482	0.0103629757255177	0.0042313464045856
active_quarter	0.00191514246157131	0.00226794194163757	0.00255848852370292
Master_fultimo_cierre	0.00190849306048987	0.00506729128509763	0.00371472852960712
cextraccion_autoservicio	0.00185012067506142	0.00748528120537018	0.00619941449974169
catm_trx	0.00172233305614338	0.0035162554045791	0.00341951831533371
Master_msaldopesos	0.00170022977669966	0.00337794156204219	0.00373932938079658
matm_other	0.00168100959891959	0.0030698224872174	0.00231248001180841
tmobile_app	0.00164420206033733	0.00190968927123414	0.000565819577357377
Master_cconsumos	0.00154767130767122	0.00153049025320798	0.00265689192846072
matm	0.00137198055278037	0.00218998441829556	0.00349332086890206
mtarjeta_master_consumo	0.00131780104428019	0.00313513554244779	0.00189426554158774
mplazo_fijo_dolares	0.00123616464120833	0.00414887517481696	0.00103323574995695
Visa_msaldodolares	0.00106670042703735	0.00331738923834676	0.00231248001180841
ccaja_ahorro	0.00105080962108295	0.0050771655562685	0.00179586213682993
mttarjeta_master_debitos_automaticos	0.00100878192501278	0.00252962101680471	0.00132844596423036
catm_trx_other	0.00100761785656307	0.00137088161060296	0.00150065192255652
Visa_mpagosdolares	0.0009474425898233	0.00252622360546228	0.00189426554158774
Master_mpagado	0.000899014548215604	0.00150645574578809	0.000787227238062437
ctarjeta_master_transacciones	0.000879690035264942	0.00245080107366039	0.00140224851779872
Visa_Finiciomora	0.000787408246900478	0.00579586179182567	0.000615021279736279
mcaja_ahorro_adicional	0.000686873316544149	0.00506283544945237	0.000738025535683535
cseguro_vida	0.000607882523325195	0.00202130294514402	0.000467416172599572
mtarjeta_visa_descuentos	0.000606571283285204	0.00405579045969001	0.000885630642820242
cseguro_vivienda	0.000517695778569047	0.00104440344756236	0.000910231494009693
Master_mconsumototal	0.000499396993909295	0.00141307484608257	0.000910231494009693
tcuentas	0.000486894836375947	0.00227794252681989	0.000492017023789023
cseguro_accidentes_personales	0.000486089244763722	0.00226757606656992	0.000959433196388595
mprestamos_prendarios	0.000451850631922007	0.00631398444416815	0.000467416172599572
mcheques_depositados	0.000419866548091002	0.00347782109985399	0.000541218726167925
ccajas_transacciones	0.000419450770158243	0.00369242424965067	0.000885630642820242
minversion2	0.000380832419973687	0.00482353573258958	0.000295210214273414
ccajas_otras	0.000376645841601224	0.00183586962068098	0.000688823833304632
Master_mconsumosdolares	0.000369681998083844	0.00053914740176543	0.000516617874978474
ccajas_depositos	0.000350426174318508	0.0022970856330378	0.000442815321410121
ctarjeta_visa	0.000349297233513063	0.00343705651940043	0.000910231494009693
Master_msaldodolares	0.000306452279861863	0.00314066722501815	0.000861029791630791
ccajas_extracciones	0.000269278199874258	0.000450074245415885	0.000196806809515609
ccheques_depositados	0.000262376202745182	0.000660282538745244	7.38025535683535e-05
mforex_buy	0.000236057108127939	0.00251100058925486	0.000393613619031219
ctarjeta_master_debitos_automaticos	0.000230712964978865	0.000394539636933895	0.000295210214273414
mcajeros_propios_descuentos	0.000204664080098797	0.00250360468610173	0.000738025535683535
ctarjeta_visa_descuentos	0.00019325224259868	0.000407732917646989	0.000344411916652316
Master_mpagosdolares	0.000193039733485085	0.00117496422318963	0.000295210214273414
Master_Finiciomora	0.000192270101670994	0.00388919534555517	0.000344411916652316
mcheques_emitidos	0.000191556262801254	0.000708325419651625	0.000147605107136707
mtarjeta_master_descuentos	0.000165396131784176	0.000945482153975342	7.38025535683535e-05
cinversion2	0.000160570327117437	0.00138889224637339	0.000196806809515609
Visa_cadelantosefectivo	0.0001552610886663	0.000659785994010582	9.84034047578046e-05
cinversion1	0.000152694447662147	0.00141689911167058	0.000123004255947256
ccheques_emitidos	0.000141518763281765	0.0014938199889876	0.000147605107136707
cforex	0.000135203640522161	0.000502102551166267	0.000344411916652316
minversion1_pesos	0.000128049612952792	0.000622257665643458	0.000196806809515609
cseguro_auto	0.000119397744567754	0.00186961724001577	0.00022140766070506
Master_madelantopesos	0.000114886807391255	3.01454921806945e-05	0.000147605107136707
ccajeros_propios_descuentos	9.63521529290858e-05	0.000604438678717982	0.000442815321410121
cplazo_fijo	8.41103671572438e-05	0.000910575930259682	0.000246008511894512
mprestamos_hipotecarios	6.75611437367525e-05	0.00147813091763449	0.000123004255947256
cforex_sell	5.90067012012453e-05	0.000199881033979493	4.92017023789023e-05
Master_delinquency	5.69164365184347e-05	0.000687627344396219	0.000319811065462865
ctarjeta_master_descuentos	5.62538903984498e-05	0.000283261348502688	4.92017023789023e-05
cprestamos_hipotecarios	4.56322965206835e-05	0.000286410487477784	2.46008511894512e-05
cforex_buy	4.12336862327242e-05	0.000251582665562334	7.38025535683535e-05
mforex_sell	3.34274448349117e-05	0.000335986559143824	9.84034047578046e-05
Visa_madelantopesos	2.97598383683951e-05	0.000150614213858725	0.00022140766070506
Visa_delinquency	2.19016598356645e-05	0.000137333820034286	0.000270609363083963
cprestamos_prendarios	1.95660691703259e-05	0.0013733861125541	7.38025535683535e-05
Visa_madelantodolares	1.18457250722535e-05	1.27620708119397e-05	2.46008511894512e-05
Master_cadelantosefectivo	1.54523488160097e-06	2.04541585436413e-05	4.92017023789023e-05
Master_madelantodolares	1.61299829047665e-10	2.01013504426969e-05	9.84034047578046e-05
