fecha	objective	metric	first_metric_only	boost_from_average	feature_pre_filter	verbosity	max_depth	min_gain_to_split	lambda_l1	lambda_l2	max_bin	num_iterations	force_row_wise	seed	learning_rate	feature_fraction	min_data_in_leaf	num_leaves	envios	ganancia	iteracion
20220922 211537	binary	custom	TRUE	TRUE	FALSE	-100	-1	0	0	0	31	84	TRUE	102191	0.223125602138753	0.742656474355608	289	496	10325	24230000	1
20220922 211633	binary	custom	TRUE	TRUE	FALSE	-100	-1	0	0	0	31	89	TRUE	102191	0.229090896983282	0.516493951147422	3017	98	13144	23720000	2
20220922 211757	binary	custom	TRUE	TRUE	FALSE	-100	-1	0	0	0	31	132	TRUE	102191	0.0918821595194749	0.443545754551887	3989	545	8790	26580000	3
20220922 211819	binary	custom	TRUE	TRUE	FALSE	-100	-1	0	0	0	31	34	TRUE	102191	0.295486206716858	0.648863569181412	5710	649	6082	24720000	4
20220922 211850	binary	custom	TRUE	TRUE	FALSE	-100	-1	0	0	0	31	28	TRUE	102191	0.257220714092662	0.762573864702135	2041	413	11616	24690000	5
20220922 211959	binary	custom	TRUE	TRUE	FALSE	-100	-1	0	0	0	31	204	TRUE	102191	0.0602107780878432	0.627261158768088	7392	234	9672	26100000	6
20220922 212033	binary	custom	TRUE	TRUE	FALSE	-100	-1	0	0	0	31	76	TRUE	102191	0.140509922730213	0.83197834555991	6230	994	7421	25560000	7
20220922 212120	binary	custom	TRUE	TRUE	FALSE	-100	-1	0	0	0	31	47	TRUE	102191	0.191629000578076	0.368256743066013	2686	955	11393	25060000	8
20220922 212519	binary	custom	TRUE	TRUE	FALSE	-100	-1	0	0	0	31	343	TRUE	102191	0.0246735930744326	0.588917160974816	5225	806	9039	27130000	9
20220922 212631	binary	custom	TRUE	TRUE	FALSE	-100	-1	0	0	0	31	115	TRUE	102191	0.171174606640532	0.215653228452429	1525	207	12500	24440000	10
20220922 212811	binary	custom	TRUE	TRUE	FALSE	-100	-1	0	0	0	31	134	TRUE	102191	0.15820858184644	0.847502986853942	974	445	7710	25860000	11
20220922 212956	binary	custom	TRUE	TRUE	FALSE	-100	-1	0	0	0	31	288	TRUE	102191	0.0486988846026943	0.355804955251515	6507	21	12961	24320000	12
20220922 213027	binary	custom	TRUE	TRUE	FALSE	-100	-1	0	0	0	31	32	TRUE	102191	0.283180814915569	0.554538311557844	3231	770	8427	25550000	13
20220922 213715	binary	custom	TRUE	TRUE	FALSE	-100	-1	0	0	0	31	752	TRUE	102191	0.00815130802796921	0.986543751778081	1956	309	10967	26070000	14
20220922 213807	binary	custom	TRUE	TRUE	FALSE	-100	-1	0	0	0	31	124	TRUE	102191	0.123756660973537	0.258684688517824	4068	712	14608	22950000	15
20220922 213851	binary	custom	TRUE	TRUE	FALSE	-100	-1	0	0	0	31	93	TRUE	102191	0.0976798294857726	0.310436545349658	6869	323	5915	25530000	16
20220922 213940	binary	custom	TRUE	TRUE	FALSE	-100	-1	0	0	0	31	198	TRUE	102191	0.109725172005885	0.921137810368091	7885	860	14281	24080000	17
20220922 214000	binary	custom	TRUE	TRUE	FALSE	-100	-1	0	0	0	31	23	TRUE	102191	0.206885990274313	0.902808261364698	5148	581	5248	23590000	18
20220922 214142	binary	custom	TRUE	TRUE	FALSE	-100	-1	0	0	0	31	55	TRUE	102191	0.0655373495778185	0.432275468101725	789	911	6736	26210000	19
20220922 214206	binary	custom	TRUE	TRUE	FALSE	-100	-1	0	0	0	31	51	TRUE	102191	0.253827164719463	0.709544673422352	4753	139	13620	24120000	20
20220922 214400	binary	custom	TRUE	TRUE	FALSE	-100	-1	0	0	0	31	302	TRUE	102191	0.027404489715716	0.884096105597004	4012	747	8285	26150000	21
20220928 223559	binary	custom	TRUE	TRUE	FALSE	-100	-1	0	0	0	31	223	TRUE	912031	0.0285882856799316	0.951723632664152	3329	710	8449	26550000	22
20220928 225004	binary	custom	TRUE	TRUE	FALSE	-100	-1	0	0	0	31	2038	TRUE	912031	0.005108851740501	0.386747932629148	4986	958	8710	26420000	23
20220928 225150	binary	custom	TRUE	TRUE	FALSE	-100	-1	0	0	0	31	136	TRUE	912031	0.0327823586688209	0.599683064884667	2343	748	9217	26050000	24
20220928 225426	binary	custom	TRUE	TRUE	FALSE	-100	-1	0	0	0	31	605	TRUE	912031	0.0269841463206469	0.75339687219459	7031	763	8652	26460000	25
20220928 225634	binary	custom	TRUE	TRUE	FALSE	-100	-1	0	0	0	31	327	TRUE	912031	0.0214540882117122	0.673270221065114	5046	440	9046	26710000	26
20220928 225736	binary	custom	TRUE	TRUE	FALSE	-100	-1	0	0	0	31	146	TRUE	912031	0.0609930875338894	0.627049705029164	5151	869	8798	26570000	27
20220928 225928	binary	custom	TRUE	TRUE	FALSE	-100	-1	0	0	0	31	228	TRUE	912031	0.0189239049929123	0.931262757046081	4989	845	9810	25980000	28
20220928 230542	binary	custom	TRUE	TRUE	FALSE	-100	-1	0	0	0	31	628	TRUE	912031	0.00739521010615042	0.533959451903123	6942	700	8965	25830000	29
20220928 230741	binary	custom	TRUE	TRUE	FALSE	-100	-1	0	0	0	31	222	TRUE	912031	0.0293049918467476	0.325347825950146	5082	877	8871	26100000	30
20220928 230828	binary	custom	TRUE	TRUE	FALSE	-100	-1	0	0	0	31	110	TRUE	912031	0.100338099310172	0.880587272558485	4283	936	9056	25890000	31
20220928 230930	binary	custom	TRUE	TRUE	FALSE	-100	-1	0	0	0	31	100	TRUE	912031	0.056995757777923	0.717814966692878	2706	721	8655	25970000	32
20220928 231143	binary	custom	TRUE	TRUE	FALSE	-100	-1	0	0	0	31	320	TRUE	912031	0.0210078438780477	0.64893663336134	4785	991	8691	26140000	33
20220928 231321	binary	custom	TRUE	TRUE	FALSE	-100	-1	0	0	0	31	171	TRUE	912031	0.0423048121200369	0.427755786586008	5317	803	9074	26100000	34
20220928 231552	binary	custom	TRUE	TRUE	FALSE	-100	-1	0	0	0	31	380	TRUE	912031	0.0273236260712938	0.590888890140799	5611	682	9215	26130000	35
20220928 232002	binary	custom	TRUE	TRUE	FALSE	-100	-1	0	0	0	31	594	TRUE	912031	0.0112563453575973	0.614623954491026	4921	817	6117	25690000	36
20220928 232030	binary	custom	TRUE	TRUE	FALSE	-100	-1	0	0	0	31	40	TRUE	912031	0.231212500695641	0.615168007047428	4349	886	9043	25040000	37
20220928 232155	binary	custom	TRUE	TRUE	FALSE	-100	-1	0	0	0	31	190	TRUE	912031	0.0333109825373732	0.655006777881764	4497	849	9035	25690000	38
20220928 232439	binary	custom	TRUE	TRUE	FALSE	-100	-1	0	0	0	31	259	TRUE	912031	0.0244981772613185	0.420365300014908	3176	714	8840	25920000	39
20220928 232659	binary	custom	TRUE	TRUE	FALSE	-100	-1	0	0	0	31	285	TRUE	912031	0.0242646472854085	0.81777128605217	5431	831	9076	26410000	40
20220928 233309	binary	custom	TRUE	TRUE	FALSE	-100	-1	0	0	0	31	966	TRUE	912031	0.0181218600221716	0.578369900398882	5325	897	10875	26090000	41
20220928 233534	binary	custom	TRUE	TRUE	FALSE	-100	-1	0	0	0	31	348	TRUE	912031	0.0235090947828092	0.595952497601524	6515	794	9012	26140000	42
20220928 234458	binary	custom	TRUE	TRUE	FALSE	-100	-1	0	0	0	31	990	TRUE	912031	0.00521393156280611	0.575744081747069	3785	456	8450	25820000	43
20220928 234818	binary	custom	TRUE	TRUE	FALSE	-100	-1	0	0	0	31	416	TRUE	912031	0.0238180207771209	0.486181038860639	5045	489	9596	26330000	44
20220928 235521	binary	custom	TRUE	TRUE	FALSE	-100	-1	0	0	0	31	589	TRUE	912031	0.00670906867597781	0.999314779219878	1818	728	8144	26600000	45
20220929 000057	binary	custom	TRUE	TRUE	FALSE	-100	-1	0	0	0	31	513	TRUE	912031	0.00652593007947311	0.99968291209606	2830	954	9028	26110000	46
20220929 000832	binary	custom	TRUE	TRUE	FALSE	-100	-1	0	0	0	31	689	TRUE	912031	0.00530100040977567	0.99998634836781	2360	559	7749	26030000	47
20220929 001446	binary	custom	TRUE	TRUE	FALSE	-100	-1	0	0	0	31	1032	TRUE	912031	0.00640676028664721	0.674859751246269	5235	777	10024	26280000	48
20220929 001749	binary	custom	TRUE	TRUE	FALSE	-100	-1	0	0	0	31	466	TRUE	912031	0.0238808780346479	0.59183885777269	5060	761	8408	26150000	49
20220929 002052	binary	custom	TRUE	TRUE	FALSE	-100	-1	0	0	0	31	658	TRUE	912031	0.0251415237946629	0.628571626123937	7002	827	9160	26400000	50
20220929 002239	binary	custom	TRUE	TRUE	FALSE	-100	-1	0	0	0	31	215	TRUE	912031	0.0249850848281694	0.66560179172561	3859	835	9046	25830000	51
20220929 002504	binary	custom	TRUE	TRUE	FALSE	-100	-1	0	0	0	31	219	TRUE	912031	0.0186559917426293	0.997660682186621	2382	679	9565	26470000	52
20220929 002611	binary	custom	TRUE	TRUE	FALSE	-100	-1	0	0	0	31	173	TRUE	912031	0.0663843975725804	0.67197669200552	4080	530	8053	26140000	53
20220929 002731	binary	custom	TRUE	TRUE	FALSE	-100	-1	0	0	0	31	208	TRUE	912031	0.0451925510792185	0.641465622961031	5084	424	9350	26260000	54
20220929 003448	binary	custom	TRUE	TRUE	FALSE	-100	-1	0	0	0	31	957	TRUE	912031	0.00668959459058983	0.999346743596689	2844	748	10403	25680000	55
20220929 003655	binary	custom	TRUE	TRUE	FALSE	-100	-1	0	0	0	31	171	TRUE	912031	0.0289557523837065	0.965968783074233	1701	706	6612	26220000	56
20220929 004028	binary	custom	TRUE	TRUE	FALSE	-100	-1	0	0	0	31	457	TRUE	912031	0.0233350625577735	0.509228021009717	5269	807	12667	25070000	57
20220929 004655	binary	custom	TRUE	TRUE	FALSE	-100	-1	0	0	0	31	1037	TRUE	912031	0.005516761092431	0.737282286827653	5808	468	8831	26180000	58
20220929 004818	binary	custom	TRUE	TRUE	FALSE	-100	-1	0	0	0	31	149	TRUE	912031	0.0906906571847561	0.428067584600719	3095	552	6444	24720000	59
20220929 005641	binary	custom	TRUE	TRUE	FALSE	-100	-1	0	0	0	31	621	TRUE	912031	0.0058473504747844	0.85998760729806	1551	901	8599	27050000	60
20220929 010210	binary	custom	TRUE	TRUE	FALSE	-100	-1	0	0	0	31	344	TRUE	912031	0.0112642457224576	0.99507864497886	1118	897	8550	26820000	61
20220929 010305	binary	custom	TRUE	TRUE	FALSE	-100	-1	0	0	0	31	65	TRUE	912031	0.0867516075627009	0.951691744808285	1818	880	8421	25560000	62
20220929 011547	binary	custom	TRUE	TRUE	FALSE	-100	-1	0	0	0	31	905	TRUE	912031	0.00507303790391434	0.728868926105055	1096	917	8581	26360000	63
20220929 012716	binary	custom	TRUE	TRUE	FALSE	-100	-1	0	0	0	31	793	TRUE	912031	0.0051954791211665	0.911219318019	1512	843	8216	27490000	64
20220929 013629	binary	custom	TRUE	TRUE	FALSE	-100	-1	0	0	0	31	606	TRUE	912031	0.0056693786510558	0.871070217090771	1308	816	8714	26900000	65
20220929 013727	binary	custom	TRUE	TRUE	FALSE	-100	-1	0	0	0	31	140	TRUE	912031	0.0908950552690044	0.986561746740609	3746	475	9754	25620000	66
20220929 015201	binary	custom	TRUE	TRUE	FALSE	-100	-1	0	0	0	31	1761	TRUE	912031	0.00503817878244829	0.952772616662411	1720	852	6517	25850000	67
20220929 015526	binary	custom	TRUE	TRUE	FALSE	-100	-1	0	0	0	31	279	TRUE	912031	0.0193084884685627	0.873793480624725	1405	814	7992	26980000	68
20220929 020202	binary	custom	TRUE	TRUE	FALSE	-100	-1	0	0	0	31	406	TRUE	912031	0.00810499201744501	0.908834310115011	1255	857	9554	26580000	69
20220929 020247	binary	custom	TRUE	TRUE	FALSE	-100	-1	0	0	0	31	86	TRUE	912031	0.102190528646174	0.607251139717987	5145	431	8809	25670000	70
20220929 020516	binary	custom	TRUE	TRUE	FALSE	-100	-1	0	0	0	31	303	TRUE	912031	0.0196754669835526	0.895872165988026	3083	283	9148	25950000	71
20220929 021025	binary	custom	TRUE	TRUE	FALSE	-100	-1	0	0	0	31	600	TRUE	912031	0.0106256089044722	0.563653385690728	5237	938	9134	26620000	72
20220929 022031	binary	custom	TRUE	TRUE	FALSE	-100	-1	0	0	0	31	869	TRUE	912031	0.00535475653274923	0.903249525149174	1571	995	8211	26940000	73
20220929 022412	binary	custom	TRUE	TRUE	FALSE	-100	-1	0	0	0	31	827	TRUE	912031	0.0242895108296182	0.858564987477928	5217	292	8023	26040000	74
20220929 023334	binary	custom	TRUE	TRUE	FALSE	-100	-1	0	0	0	31	714	TRUE	912031	0.00549338532526026	0.998400014079746	1489	714	8653	26860000	75
20220929 023503	binary	custom	TRUE	TRUE	FALSE	-100	-1	0	0	0	31	200	TRUE	912031	0.0292362173692739	0.718270065899544	5235	851	5902	25400000	76
20220929 030710	binary	custom	TRUE	TRUE	FALSE	-100	-1	0	0	0	31	644	TRUE	912031	0.0051250120883148	0.999995155031512	259	1012	8035	26170000	77
20220929 032851	binary	custom	TRUE	TRUE	FALSE	-100	-1	0	0	0	31	2135	TRUE	912031	0.00507650103372142	0.978033771803529	1027	281	5012	25020000	78
20220929 033432	binary	custom	TRUE	TRUE	FALSE	-100	-1	0	0	0	31	322	TRUE	912031	0.0109993335358744	0.458395532005523	1562	841	8253	26620000	79
20220929 034311	binary	custom	TRUE	TRUE	FALSE	-100	-1	0	0	0	31	1814	TRUE	912031	0.00505376083784499	0.762756725801924	7633	436	8084	26080000	80
20220929 035110	binary	custom	TRUE	TRUE	FALSE	-100	-1	0	0	0	31	564	TRUE	912031	0.00602853300088667	0.903295900669006	1518	695	8326	27110000	81
20220929 040818	binary	custom	TRUE	TRUE	FALSE	-100	-1	0	0	0	31	1282	TRUE	912031	0.00542856761869257	0.2144994970695	982	1024	7895	26610000	82
20220929 061423	binary	custom	TRUE	TRUE	FALSE	-100	-1	0	0	0	31	2367	TRUE	912031	0.00574590015091488	0.251972096509071	0	965	8018	26530000	83
20220929 062206	binary	custom	TRUE	TRUE	FALSE	-100	-1	0	0	0	31	1495	TRUE	912031	0.00507117736368855	0.997601126406435	7260	253	5032	23700000	84
20220929 063130	binary	custom	TRUE	TRUE	FALSE	-100	-1	0	0	0	31	1680	TRUE	912031	0.0105606378385313	0.414652025584737	7996	332	12972	24940000	85
20220929 063157	binary	custom	TRUE	TRUE	FALSE	-100	-1	0	0	0	31	52	TRUE	912031	0.208242957533853	0.651919952961453	7603	572	8719	26650000	86
20220929 063249	binary	custom	TRUE	TRUE	FALSE	-100	-1	0	0	0	31	116	TRUE	912031	0.0468066497377078	0.668452119731682	7996	641	6448	25590000	87
20220929 063317	binary	custom	TRUE	TRUE	FALSE	-100	-1	0	0	0	31	73	TRUE	912031	0.299885446056181	0.645100169489058	7563	386	9030	25460000	88
20220929 063337	binary	custom	TRUE	TRUE	FALSE	-100	-1	0	0	0	31	29	TRUE	912031	0.28157980312542	0.668856291564759	7296	796	8119	25290000	89
20220929 063450	binary	custom	TRUE	TRUE	FALSE	-100	-1	0	0	0	31	150	TRUE	912031	0.0274837597427348	0.693592031979516	7204	554	10297	25730000	90
20220929 063539	binary	custom	TRUE	TRUE	FALSE	-100	-1	0	0	0	31	136	TRUE	912031	0.212458874702195	0.201570580899804	7694	540	7514	25060000	91
20220929 063754	binary	custom	TRUE	TRUE	FALSE	-100	-1	0	0	0	31	65	TRUE	912031	0.251856022884262	0.219297537118264	348	1024	7614	23740000	92
20220929 070241	binary	custom	TRUE	TRUE	FALSE	-100	-1	0	0	0	31	1609	TRUE	912031	0.00527990736815574	0.200815665016199	660	844	7911	26980000	93
20220929 072159	binary	custom	TRUE	TRUE	FALSE	-100	-1	0	0	0	31	2112	TRUE	912031	0.00503952969329387	0.20193651219533	1479	924	8124	26800000	94
20220929 085720	binary	custom	TRUE	TRUE	FALSE	-100	-1	0	0	0	31	1359	TRUE	912031	0.00536974887834119	0.214073541428295	8	841	5004	23520000	95
20220929 090433	binary	custom	TRUE	TRUE	FALSE	-100	-1	0	0	0	31	804	TRUE	912031	0.00502660700514685	0.919471235498219	3603	783	8339	25970000	96
20220929 092424	binary	custom	TRUE	TRUE	FALSE	-100	-1	0	0	0	31	806	TRUE	912031	0.00524847841554366	0.265901913585936	681	944	9737	26450000	97
20220929 094031	binary	custom	TRUE	TRUE	FALSE	-100	-1	0	0	0	31	1633	TRUE	912031	0.00603204574318456	0.201177369551977	1469	674	8273	26820000	98
20220929 095631	binary	custom	TRUE	TRUE	FALSE	-100	-1	0	0	0	31	1039	TRUE	912031	0.00589264332561422	0.224890289141887	905	495	8453	26540000	99
20220929 095757	binary	custom	TRUE	TRUE	FALSE	-100	-1	0	0	0	31	57	TRUE	912031	0.0842323333192642	0.215204962023817	842	633	8350	25700000	100
20220929 101519	binary	custom	TRUE	TRUE	FALSE	-100	-1	0	0	0	31	1626	TRUE	912031	0.00515330217558949	0.292701303571838	1566	482	13966	23990000	101
20220929 102432	binary	custom	TRUE	TRUE	FALSE	-100	-1	0	0	0	31	1137	TRUE	912031	0.00570759951229113	0.240813271721001	4524	274	8347	26190000	102
20220929 104941	binary	custom	TRUE	TRUE	FALSE	-100	-1	0	0	0	31	1310	TRUE	912031	0.0050454303669919	0.85002516380751	569	817	8063	26200000	103
20220929 105019	binary	custom	TRUE	TRUE	FALSE	-100	-1	0	0	0	31	43	TRUE	912031	0.174110678723643	0.49296185171746	8000	133	8142	25160000	104
20220929 105044	binary	custom	TRUE	TRUE	FALSE	-100	-1	0	0	0	31	37	TRUE	912031	0.181404622101665	0.999728652855312	7515	631	8543	25560000	105
20220929 110024	binary	custom	TRUE	TRUE	FALSE	-100	-1	0	0	0	31	1498	TRUE	912031	0.00505149728037028	0.727324606463957	4403	180	8847	26230000	106
20220929 110653	binary	custom	TRUE	TRUE	FALSE	-100	-1	0	0	0	31	742	TRUE	912031	0.00535057695228327	0.999090813469674	2171	33	8848	26470000	107
20220929 110736	binary	custom	TRUE	TRUE	FALSE	-100	-1	0	0	0	31	51	TRUE	912031	0.136376177479477	0.99961929724905	1934	164	8129	25910000	108
20220929 111128	binary	custom	TRUE	TRUE	FALSE	-100	-1	0	0	0	31	283	TRUE	912031	0.022630419212055	0.243943815624149	1306	754	7456	26290000	109
20220929 112046	binary	custom	TRUE	TRUE	FALSE	-100	-1	0	0	0	31	1230	TRUE	912031	0.00530567202112129	0.200883932256363	914	25	7869	26990000	110
20220929 114002	binary	custom	TRUE	TRUE	FALSE	-100	-1	0	0	0	31	1883	TRUE	912031	0.00517787064882674	0.217772666169002	1554	273	7924	26400000	111
20220929 114939	binary	custom	TRUE	TRUE	FALSE	-100	-1	0	0	0	31	1652	TRUE	912031	0.00511310113837098	0.594221437168687	1437	17	8349	27230000	112
20220929 115833	binary	custom	TRUE	TRUE	FALSE	-100	-1	0	0	0	31	1268	TRUE	912031	0.00544760338471562	0.280291318763484	1744	17	7150	26420000	113
20220929 120358	binary	custom	TRUE	TRUE	FALSE	-100	-1	0	0	0	31	694	TRUE	912031	0.00540919055182445	0.631379175439604	655	16	8753	26260000	114
20220929 121238	binary	custom	TRUE	TRUE	FALSE	-100	-1	0	0	0	31	624	TRUE	912031	0.00747127232500173	0.76348120464211	1548	110	9168	26710000	115
20220929 121344	binary	custom	TRUE	TRUE	FALSE	-100	-1	0	0	0	31	162	TRUE	912031	0.0998199635878806	0.541987595857456	1233	18	7209	25750000	116
20220929 121920	binary	custom	TRUE	TRUE	FALSE	-100	-1	0	0	0	31	419	TRUE	912031	0.00696863433442894	0.560957286566329	1436	17	11776	25090000	117
20220929 122106	binary	custom	TRUE	TRUE	FALSE	-100	-1	0	0	0	31	262	TRUE	912031	0.0210068361419702	0.801348645757893	1503	16	8231	26980000	118
20220929 122730	binary	custom	TRUE	TRUE	FALSE	-100	-1	0	0	0	31	947	TRUE	912031	0.00511316477098195	0.676396826800581	1452	22	7747	26430000	119
20220929 123009	binary	custom	TRUE	TRUE	FALSE	-100	-1	0	0	0	31	333	TRUE	912031	0.0181256374928843	0.360353943455118	1444	19	8417	27010000	120
20220929 123217	binary	custom	TRUE	TRUE	FALSE	-100	-1	0	0	0	31	282	TRUE	912031	0.0154332835541886	0.612589341964318	2240	16	8439	26410000	121
