Feature	Gain	Cover	Frequency
campo8_rank	0.101130941503857	0.00800410888843448	0.00256068516874685
compromiso_rank	0.0643557591787919	0.0151463273063118	0.00741856842094492
campo1_rank	0.0606562314989465	0.00187619350589483	0.00123301723410188
mcaja_ahorro_rank	0.0451062487452176	0.0128987924646282	0.0184313053354856
mcuentas_saldo_rank	0.036823730643001	0.029550368886083	0.024110347368071
gastos_tc_rank	0.0340938858844785	0.0112361708126754	0.0129748203555285
edad_sueldo_rank	0.0301520577996723	0.0240631486658378	0.0113299446677121
mrentabilidad_annual_rank	0.0247697980357161	0.0322788836909147	0.0257168511502618
campo12_rank	0.024666474134443	0.0203802646502696	0.0216852429325345
monto_total_rank	0.023825305979692	0.011196945697228	0.0154843429834412
has_payroll	0.017642629893236	0.00660168853936664	0.00246347634116205
mtarjeta_visa_consumo_rank	0.0171918108835662	0.0099059361475334	0.0113069215243367
mingresos	0.0167798122969612	0.0131305953304376	0.00769484614144908
monto_prod	0.0160870870216754	0.00961217622160195	0.0147092304898046
mcomisiones_mantenimiento_rank	0.0154321643739362	0.0164538242552044	0.0120027320796805
mpayroll_rank	0.0151281126138944	0.0137375327503525	0.00819112278753988
cpayroll_trx_rank	0.0150994762509373	0.00535549785577491	0.00295719486021115
mprestamos_personales_rank	0.015070802823346	0.0204725689495741	0.00759763731386428
mdeuda_rank	0.0138832986480967	0.0107208613231964	0.00589904095817207
mactivos_margen_rank	0.0137967442933441	0.0190317636472417	0.0187126993100731
mrentabilidad_rank	0.0120333978591167	0.0148750854782552	0.0173875895024699
balance_rank	0.0115731199783973	0.0219347049975172	0.00675601351714329
mv_msaldototal_rank	0.0111796935267089	0.00670956186089568	0.00937041935376595
mcuenta_corriente_rank	0.010734673745723	0.0144751542483211	0.0156634118763606
ctarjeta_visa_transacciones_rank	0.00991708557489376	0.0092851115224082	0.0117571518836768
mv_msaldopesos_rank	0.00981548605994274	0.0057449554685031	0.00918879233380488
cdescubierto_preacordado	0.00934906982675567	0.017000694109197	0.0047223025189877
cliente_edad_rank	0.0079079213731927	0.0122272202723824	0.0205136207474336
mv_mpagominimo_rank	0.00782760794442185	0.00712134760707763	0.0116292455315916
mvr_msaldopesos2_rank	0.00749992622100412	0.0120984847974159	0.0176894484933911
mcomisiones_rank	0.00746768809212167	0.0110637805385508	0.0147603930306387
mautoservicio_rank	0.00733574634271124	0.0163334974672701	0.0171931718473003
mvr_mpagominimo_rank	0.00709554593433783	0.0090374091619581	0.0149471363046832
ctarjeta_master	0.00709549061326035	0.00393471086283039	0.00257859205803879
ccajas_consultas_rank	0.00695728250157196	0.0171855103849912	0.00381928367326578
mcomisiones_otras_rank	0.00668407173964866	0.00971917136816195	0.0132638887112412
ccaja_seguridad_rank	0.00640249946804477	0.0203311774060226	0.00404184072589413
Visa_fechaalta_rank	0.00637738420188181	0.0130851732352511	0.0132536562030744
ccomisiones_mantenimiento	0.0061327455373359	0.0168129095522524	0.00524671856253725
mvr_msaldopesos_rank	0.00607049012142891	0.00969198257357075	0.0135273757965368
cproductos	0.00595850712779089	0.00921078149939934	0.00843158672946016
Master_Fvencimiento_rank	0.00592790554327604	0.00885972764730897	0.0129722622284868
ctarjeta_visa	0.00578210561006735	0.00977042852553933	0.00311324060975516
mvr_msaldototal_rank	0.00573685369249137	0.0120823733466637	0.0147808580469723
Visa_msaldopesos_rank	0.00570168048715661	0.00603667156036211	0.00925018738280581
chomebanking_transacciones_rank	0.0055005603070923	0.00697534288353856	0.0132255168056156
Master_fechaalta_rank	0.00542791849659693	0.0116927361185452	0.0147169048709297
has_master	0.00538631090456912	0.00251109042466564	0.0017420845154012
fraccion_vida	0.00516191756338066	0.00836259752405315	0.0144099296259251
desc_gastos_rank	0.00500151783830129	0.00185064015669924	0.00216417547728255
mv_Fvencimiento_rank	0.00496199987274952	0.00640032525793753	0.011677849945384
limite_ingresos_rank	0.00493906882916823	0.00625367272487456	0.00636717820680411
numero_de_cliente	0.00489023229461391	0.0089875243457703	0.0153282972338972
f_ccomisiones_rank	0.00481637674193433	0.00974640046426731	0.0131334242321142
mcuenta_debitos_automaticos_rank	0.00469701579302282	0.0123783878686602	0.00808879770587167
mv_fechaalta_rank	0.00466397413896038	0.00764395585003594	0.011104829488042
has_visa	0.00456095882037165	0.00656265806530616	0.00210278042828163
mtransferencias_recibidas_rank	0.00448371065858645	0.00652501665010039	0.0130797035642384
has_debito_transacciones	0.00442904407433754	0.00342659166102708	0.0028318466351676
Visa_msaldototal_rank	0.00429070515843523	0.00542202709780094	0.00774345055524147
cliente_antiguedad_rank	0.00425770690907591	0.00715169962273581	0.0123941255170614
mvr_mpagospesos_rank	0.00414093186186764	0.00607635561552137	0.0118415700760531
Visa_Fvencimiento_rank	0.00412591999608454	0.00617324264478044	0.0111252945043757
Visa_mpagominimo_rank	0.0040818516743253	0.00600068220870718	0.0104346002031153
ccomisiones_otras	0.00398705385923926	0.00789508035634275	0.0113120377784202
mvr_mconsumospesos_rank	0.00375919556336822	0.00833572736019859	0.0116829661994674
active_quarter	0.0036853840263619	0.000317043454045574	0.000260928958253925
campo9	0.0035216782074649	0.000450021335069316	0.00078534500180348
thomebanking_rank	0.00320362521558557	0.00411890062422178	0.003878120595225
tcallcenter	0.0031577138401485	0.0131080614104868	0.00332044890013328
campo7_rank	0.00304100292250478	0.0008234980540492	0.00122278472593506
mttarjeta_visa_debitos_automaticos_rank	0.00284373253600194	0.00493960762427305	0.00835740104525071
ctarjeta_debito_transacciones_rank	0.00278176628183132	0.00838417963170034	0.0130004016259455
mv_mpagospesos_rank	0.00269012097023557	0.00335321126110374	0.00712694193819054
ctransferencias_recibidas_rank	0.00268627063359762	0.00560046866915415	0.00847251676212744
mvr_mconsumototal_rank	0.00265892829112478	0.00565453101093691	0.00817321589824794
mtransferencias_emitidas_rank	0.00265629270594468	0.00780655414984846	0.0105880878256176
mv_mconsumospesos_rank	0.00260452437008902	0.00504361080632378	0.00812205335741384
mv_mfinanciacion_limite_rank	0.00258241063999786	0.0038147185277087	0.00817577402528965
Visa_mpagospesos_rank	0.00250915218728293	0.00458103022581331	0.00826275034470762
cmobile_app_trx_rank	0.00249807336540563	0.00584637656737006	0.00465579121590336
mv_cconsumos	0.00244711908890469	0.00376377373194353	0.00631601566597
Visa_mconsumospesos_rank	0.0024254156395624	0.00397183890640269	0.00751321912148801
pagos_deb	0.00240618016160692	0.00373315463168288	0.00752089350261313
tmobile_app	0.00239925871794174	0.0169730337371352	0.00280370723770884
mcaja_ahorro_dolares_rank	0.00234055932157353	0.00425507227585533	0.00797624011603664
Master_mfinanciacion_limite_rank	0.0023187259008129	0.00338711796982075	0.00729066206885966
internet	0.00227172520244507	0.0170051963356332	0.00364021478034642
Visa_cconsumos	0.00224832415016107	0.00336005077634141	0.00559462384020915
mv_mlimitecompra_rank	0.00218839570027912	0.00319163084817602	0.00660252589464098
Visa_mfinanciacion_limite_rank	0.00214002899364313	0.0033247690396672	0.00689926863147878
Master_mlimitecompra_rank	0.00186966297046396	0.0023035011066033	0.0051213703374937
mv_mconsumototal_rank	0.00186128787219413	0.00326815357208492	0.00554601942641676
has_visa_transacciones	0.00171036682743012	0.00177721308662739	0.00126115663156064
mpagomiscuentas_rank	0.00161214918724425	0.00364422142965052	0.00561508885654279
cextraccion_autoservicio	0.00160860702981244	0.0102098838982049	0.00856972558971224
Visa_mlimitecompra_rank	0.00160392729152841	0.00269257719833078	0.00509578906707665
ctarjeta_visa_debitos_automaticos	0.00149354253952403	0.00281468093475482	0.0040750963774363
ctransferencias_emitidas_rank	0.0014827900904979	0.00362842423119886	0.00563811199991814
Visa_mconsumototal_rank	0.00147288776875463	0.00246796810304401	0.00475555817052987
mextraccion_autoservicio_rank	0.0014298182857304	0.00821572278535778	0.00868995756067238
ccajas_transacciones_rank	0.00133494716359126	0.00297298936228229	0.0011946453284763
ccaja_ahorro	0.00133089163918681	0.00659368137482735	0.00217184985840767
mvr_msaldodolares2_rank	0.00128924521383628	0.00475154075770954	0.00363765665330472
cdebitos_aut	0.001257114403518	0.00190714417318063	0.00401881758251878
ccuenta_debitos_automaticos	0.001230668301606	0.00219567206698488	0.0030313805444206
mtarjeta_master_consumo_rank	0.00107063654591725	0.00228108450883822	0.00235859313245214
ctarjeta_debito	0.00098285426359065	0.00148537997111245	0.00260417332845584
catm_trx_rank	0.000886929089339281	0.00660953738363672	0.00551276377487459
Master_mpagospesos_rank	0.000835156182976628	0.00153204394999451	0.00226394243190905
Master_msaldototal_rank	0.000832339815438521	0.00457197860524285	0.00228184932120099
Master_msaldopesos_rank	0.000829202477250376	0.0026643369820146	0.00216417547728255
cpagomiscuentas	0.000817403533813591	0.00192007707833949	0.00316951940467267
matm_rank	0.000811018086843676	0.00441988397462949	0.00563811199991814
mvr_mconsumosdolares_rank	0.000809853696055136	0.0028069874254566	0.0027832422213752
Master_mpagominimo_rank	0.000742689192997077	0.00193756335802907	0.00210789668236504
campo11	0.000739518991949284	0.000879403717432703	0.00199278096548831
matm_other_rank	0.000644883620504252	0.00352201271026984	0.00332556515421669
has_master_transacciones	0.000629155678663888	0.000744059590223246	0.000833949415595877
ctarjeta_master_transacciones_rank	0.000532181057954333	0.000994319056869331	0.00102325081668206
Visa_mconsumosdolares_rank	0.000508618053010813	0.00237824807614137	0.00197743220323808
cseguros	0.000504678255646782	0.00111484635727528	0.00160650378219083
mv_fultimo_cierre_rank	0.00046979341635676	0.000894787054162414	0.00150673682756433
Visa_mpagado_rank	0.000458915694050952	0.00613842303213527	0.00126883101268575
Visa_fultimo_cierre_rank	0.000400394990303085	0.00137939285995601	0.00120743596368483
has_pmc	0.000373061403912069	0.000713762205506488	0.00117162218510096
cseguro_vida_rank	0.000254022156873844	0.00280112002254444	0.000690694301260389
has_da	0.000254005215450802	0.00036101200795466	0.000723949952802556
mvr_msaldodolares_rank	0.000222738318142278	0.00111094596678387	0.000987437038098186
Master_mconsumospesos_rank	0.000215524060883987	0.000697705485205612	0.000782786874761774
catm_trx_other_rank	0.000209455100196847	0.00167367491439313	0.00200045534661342
Master_fultimo_cierre_rank	0.000190485170631729	0.00054894473515746	0.000749531223219608
cdescuentos	0.000189330129624136	0.00060767787316651	0.000480927883840567
mv_mpagado_rank	0.000173017652108911	0.00163263354404092	0.000488602264965683
ccheques_depositados	0.000168290850344402	0.00250585082978518	0.000401625945547708
mplazo_fijo_dolares_rank	0.000163145105253743	0.00140044726654248	0.000672787411968453
Master_mconsumototal_rank	0.000159935470229702	0.00044175464868082	0.000567904203258542
cseguro_vivienda_rank	0.00014914668911884	0.000370641582091151	0.000388835310339182
Visa_msaldodolares_rank	0.000146897833551468	0.00125759770376756	0.000839065669679288
mttarjeta_master_debitos_automaticos_rank	0.00013989696498982	0.000368636656394116	0.000350463404713605
mv_msaldodolares_rank	0.000127438478473175	0.000678443749674933	0.000606276108884119
ccajas_extracciones_rank	0.000119976175676434	0.00178106630942075	0.000350463404713605
mcheques_depositados_rank	0.000106200065302518	0.00156041104144787	0.000250696450087104
mvr_mpagosdolares_rank	8.11820894624443e-05	0.000249202472366063	0.000304417117962912
campo3_rank	5.2596706134492e-05	0.000141945117189245	0.000130464479126962
Master_cconsumos	4.73836600266576e-05	0.000114713632846005	0.000181627019961065
ctarjeta_master_debitos_automaticos	4.48734637029829e-05	0.000135733310473359	0.000120231970960142
cseguro_accidentes_personales_rank	3.64824778905189e-05	0.000160241706088222	0.000130464479126962
mv_mpagosdolares_rank	2.91960924384843e-05	0.000190241158129929	0.000166278257710834
pasamanos_rank	2.72931051972181e-05	0.000108217128273299	6.13950490009235e-05
Visa_mpagosdolares_rank	2.51698799230656e-05	9.86598978424741e-05	0.000112557589835026
cplazo_fijo_rank	1.98951926448439e-05	8.7377862115506e-05	0.000104883208709911
mvr_madelantopesos_rank	1.76691077580373e-05	0.0001183388784321	7.67438112511544e-05
mdescuentos_rank	1.4902294367123e-05	0.000628656851240058	0.000475811629757157
ctarjeta_visa_descuentos	1.36539602960567e-05	5.13815447667678e-05	3.5813778583872e-05
ccajeros_propios_descuentos	3.44505779426696e-06	0.000161361988671963	0.000122790098001847
mcaja_ahorro_adicional_rank	2.60118493877823e-06	5.18141143520869e-05	1.02325081668206e-05
minversion1_pesos_rank	2.01976660495856e-07	7.56235523485277e-06	5.11625408341029e-06
cinversion1_rank	2.56297384263651e-08	4.00407981920109e-06	2.55812704170515e-06
